818.0 3:1 10:0.859223 11:0.645631 12:0.589806 13:0.711165 14:0.808252 15:0.759709 16:0.808252
803.0 4:1 10:0.859223 11:0.859223 12:0.645631 13:0.589806 14:0.711165 15:0.808252 16:0.759709
804.0 5:1 10:0.822816 11:0.859223 12:0.859223 13:0.645631 14:0.589806 15:0.711165 16:0.808252
746.0 6:1 10:0.825243 11:0.822816 12:0.859223 13:0.859223 14:0.645631 15:0.589806 16:0.711165
730.0 10:0.684466 11:0.825243 12:0.822816 13:0.859223 14:0.859223 15:0.645631 16:0.589806
799.0 1:1 10:0.645631 11:0.684466 12:0.825243 13:0.822816 14:0.859223 15:0.859223 16:0.645631
824.0 2:1 10:0.813107 11:0.645631 12:0.684466 13:0.825243 14:0.822816 15:0.859223 16:0.859223
805.0 3:1 10:0.873786 11:0.813107 12:0.645631 13:0.684466 14:0.825243 15:0.822816 16:0.859223
808.0 4:1 10:0.82767 11:0.873786 12:0.813107 13:0.645631 14:0.684466 15:0.825243 16:0.822816
806.0 5:1 10:0.834951 11:0.82767 12:0.873786 13:0.813107 14:0.645631 15:0.684466 16:0.825243
760.0 6:1 10:0.830097 11:0.834951 12:0.82767 13:0.873786 14:0.813107 15:0.645631 16:0.684466
730.0 10:0.718447 11:0.830097 12:0.834951 13:0.82767 14:0.873786 15:0.813107 16:0.645631
804.0 1:1 10:0.645631 11:0.718447 12:0.830097 13:0.834951 14:0.82767 15:0.873786 16:0.813107
773.0 2:1 10:0.825243 11:0.645631 12:0.718447 13:0.830097 14:0.834951 15:0.82767 16:0.873786
776.0 3:1 10:0.75 11:0.825243 12:0.645631 13:0.718447 14:0.830097 15:0.834951 16:0.82767
814.0 4:1 10:0.757282 11:0.75 12:0.825243 13:0.645631 14:0.718447 15:0.830097 16:0.834951
780.0 5:1 10:0.849515 11:0.757282 12:0.75 13:0.825243 14:0.645631 15:0.718447 16:0.830097
737.0 6:1 10:0.76699 11:0.849515 12:0.757282 13:0.75 14:0.825243 15:0.645631 16:0.718447
713.0 10:0.662621 11:0.76699 12:0.849515 13:0.757282 14:0.75 15:0.825243 16:0.645631
790.0 1:1 10:0.604369 11:0.662621 12:0.76699 13:0.849515 14:0.757282 15:0.75 16:0.825243
814.0 2:1 10:0.791262 11:0.604369 12:0.662621 13:0.76699 14:0.849515 15:0.757282 16:0.75
788.0 3:1 10:0.849515 11:0.791262 12:0.604369 13:0.662621 14:0.76699 15:0.849515 16:0.757282
797.0 4:1 10:0.786408 11:0.849515 12:0.791262 13:0.604369 14:0.662621 15:0.76699 16:0.849515
799.0 5:1 10:0.808252 11:0.786408 12:0.849515 13:0.791262 14:0.604369 15:0.662621 16:0.76699
750.0 6:1 10:0.813107 11:0.808252 12:0.786408 13:0.849515 14:0.791262 15:0.604369 16:0.662621
738.0 10:0.694175 11:0.813107 12:0.808252 13:0.786408 14:0.849515 15:0.791262 16:0.604369
790.0 1:1 10:0.665049 11:0.694175 12:0.813107 13:0.808252 14:0.786408 15:0.849515 16:0.791262
799.0 2:1 10:0.791262 11:0.665049 12:0.694175 13:0.813107 14:0.808252 15:0.786408 16:0.849515
814.0 3:1 10:0.813107 11:0.791262 12:0.665049 13:0.694175 14:0.813107 15:0.808252 16:0.786408
801.0 4:1 10:0.849515 11:0.813107 12:0.791262 13:0.665049 14:0.694175 15:0.813107 16:0.808252
774.0 5:1 10:0.817961 11:0.849515 12:0.813107 13:0.791262 14:0.665049 15:0.694175 16:0.813107
741.0 6:1 10:0.752427 11:0.817961 12:0.849515 13:0.813107 14:0.791262 15:0.665049 16:0.694175
724.0 10:0.67233 11:0.752427 12:0.817961 13:0.849515 14:0.813107 15:0.791262 16:0.665049
799.0 1:1 10:0.631068 11:0.67233 12:0.752427 13:0.817961 14:0.849515 15:0.813107 16:0.791262
795.0 2:1 10:0.813107 11:0.631068 12:0.67233 13:0.752427 14:0.817961 15:0.849515 16:0.813107
792.0 3:1 10:0.803398 11:0.813107 12:0.631068 13:0.67233 14:0.752427 15:0.817961 16:0.849515
773.0 4:1 10:0.796117 11:0.803398 12:0.813107 13:0.631068 14:0.67233 15:0.752427 16:0.817961
761.0 5:1 10:0.75 11:0.796117 12:0.803398 13:0.813107 14:0.631068 15:0.67233 16:0.752427
737.0 6:1 10:0.720874 11:0.75 12:0.796117 13:0.803398 14:0.813107 15:0.631068 16:0.67233
698.0 10:0.662621 11:0.720874 12:0.75 13:0.796117 14:0.803398 15:0.813107 16:0.631068
754.0 1:1 10:0.567961 11:0.662621 12:0.720874 13:0.75 14:0.796117 15:0.803398 16:0.813107
813.0 2:1 10:0.703883 11:0.567961 12:0.662621 13:0.720874 14:0.75 15:0.796117 16:0.803398
792.0 3:1 10:0.847087 11:0.703883 12:0.567961 13:0.662621 14:0.720874 15:0.75 16:0.796117
775.0 4:1 10:0.796117 11:0.847087 12:0.703883 13:0.567961 14:0.662621 15:0.720874 16:0.75
773.0 5:1 10:0.754854 11:0.796117 12:0.847087 13:0.703883 14:0.567961 15:0.662621 16:0.720874
726.0 6:1 10:0.75 11:0.754854 12:0.796117 13:0.847087 14:0.703883 15:0.567961 16:0.662621
685.0 10:0.635922 11:0.75 12:0.754854 13:0.796117 14:0.847087 15:0.703883 16:0.567961
765.0 1:1 10:0.536408 11:0.635922 12:0.75 13:0.754854 14:0.796117 15:0.847087 16:0.703883
770.0 2:1 10:0.730583 11:0.536408 12:0.635922 13:0.75 14:0.754854 15:0.796117 16:0.847087
770.0 3:1 10:0.742718 11:0.730583 12:0.536408 13:0.635922 14:0.75 15:0.754854 16:0.796117
746.0 4:1 10:0.742718 11:0.742718 12:0.730583 13:0.536408 14:0.635922 15:0.75 16:0.754854
737.0 5:1 10:0.684466 11:0.742718 12:0.742718 13:0.730583 14:0.536408 15:0.635922 16:0.75
698.0 6:1 10:0.662621 11:0.684466 12:0.742718 13:0.742718 14:0.730583 15:0.536408 16:0.635922
663.0 10:0.567961 11:0.662621 12:0.684466 13:0.742718 14:0.742718 15:0.730583 16:0.536408
767.0 1:1 10:0.48301 11:0.567961 12:0.662621 13:0.684466 14:0.742718 15:0.742718 16:0.730583
736.0 2:1 10:0.735437 11:0.48301 12:0.567961 13:0.662621 14:0.684466 15:0.742718 16:0.742718
739.0 3:1 10:0.660194 11:0.735437 12:0.48301 13:0.567961 14:0.662621 15:0.684466 16:0.742718
749.0 4:1 10:0.667476 11:0.660194 12:0.735437 13:0.48301 14:0.567961 15:0.662621 16:0.684466
745.0 5:1 10:0.691748 11:0.667476 12:0.660194 13:0.735437 14:0.48301 15:0.567961 16:0.662621
680.0 6:1 10:0.682039 11:0.691748 12:0.667476 13:0.660194 14:0.735437 15:0.48301 16:0.567961
645.0 10:0.524272 11:0.682039 12:0.691748 13:0.667476 14:0.660194 15:0.735437 16:0.48301
746.0 1:1 10:0.43932 11:0.524272 12:0.682039 13:0.691748 14:0.667476 15:0.660194 16:0.735437
725.0 2:1 10:0.684466 11:0.43932 12:0.524272 13:0.682039 14:0.691748 15:0.667476 16:0.660194
714.0 3:1 10:0.633495 11:0.684466 12:0.43932 13:0.524272 14:0.682039 15:0.691748 16:0.667476
712.0 4:1 10:0.606796 11:0.633495 12:0.684466 13:0.43932 14:0.524272 15:0.682039 16:0.691748
714.0 5:1 10:0.601942 11:0.606796 12:0.633495 13:0.684466 14:0.43932 15:0.524272 16:0.682039
708.0 6:1 10:0.606796 11:0.601942 12:0.606796 13:0.633495 14:0.684466 15:0.43932 16:0.524272
652.0 10:0.592233 11:0.606796 12:0.601942 13:0.606796 14:0.633495 15:0.684466 16:0.43932
750.0 1:1 10:0.456311 11:0.592233 12:0.606796 13:0.601942 14:0.606796 15:0.633495 16:0.684466
741.0 2:1 10:0.694175 11:0.456311 12:0.592233 13:0.606796 14:0.601942 15:0.606796 16:0.633495
743.0 3:1 10:0.67233 11:0.694175 12:0.456311 13:0.592233 14:0.606796 15:0.601942 16:0.606796
778.0 4:1 10:0.677184 11:0.67233 12:0.694175 13:0.456311 14:0.592233 15:0.606796 16:0.601942
732.0 5:1 10:0.762136 11:0.677184 12:0.67233 13:0.694175 14:0.456311 15:0.592233 16:0.606796
747.0 6:1 10:0.650485 11:0.762136 12:0.677184 13:0.67233 14:0.694175 15:0.456311 16:0.592233
692.0 10:0.686893 11:0.650485 12:0.762136 13:0.677184 14:0.67233 15:0.694175 16:0.456311
754.0 1:1 10:0.553398 11:0.686893 12:0.650485 13:0.762136 14:0.677184 15:0.67233 16:0.694175
735.0 2:1 10:0.703883 11:0.553398 12:0.686893 13:0.650485 14:0.762136 15:0.677184 16:0.67233
745.0 3:1 10:0.657767 11:0.703883 12:0.553398 13:0.686893 14:0.650485 15:0.762136 16:0.677184
769.0 4:1 10:0.682039 11:0.657767 12:0.703883 13:0.553398 14:0.686893 15:0.650485 16:0.762136
687.0 5:1 8:1.0 10:0.740291 11:0.682039 12:0.657767 13:0.703883 14:0.553398 15:0.686893 16:0.650485
715.0 6:1 10:0.541262 11:0.740291 12:0.682039 13:0.657767 14:0.703883 15:0.553398 16:0.686893
645.0 8:1.0 10:0.609223 11:0.541262 12:0.740291 13:0.682039 14:0.657767 15:0.703883 16:0.553398
625.0 1:1 8:1.0 10:0.43932 11:0.609223 12:0.541262 13:0.740291 14:0.682039 15:0.657767 16:0.703883
698.0 3:1 10:0.541262 11:0.512136 12:0.385922 13:0.570388 14:0.529126 15:0.567961 16:0.621359
678.0 4:1 10:0.567961 11:0.541262 12:0.512136 13:0.385922 14:0.570388 15:0.529126 16:0.567961
655.0 5:1 10:0.519417 11:0.567961 12:0.541262 13:0.512136 14:0.385922 15:0.570388 16:0.529126
655.0 6:1 10:0.463592 11:0.519417 12:0.567961 13:0.541262 14:0.512136 15:0.385922 16:0.570388
632.0 10:0.463592 11:0.463592 12:0.519417 13:0.567961 14:0.541262 15:0.512136 16:0.385922
708.0 1:1 10:0.407767 11:0.463592 12:0.463592 13:0.519417 14:0.567961 15:0.541262 16:0.512136
704.0 2:1 10:0.592233 11:0.407767 12:0.463592 13:0.463592 14:0.519417 15:0.567961 16:0.541262
718.0 3:1 10:0.582524 11:0.592233 12:0.407767 13:0.463592 14:0.463592 15:0.519417 16:0.567961
741.0 4:1 10:0.616505 11:0.582524 12:0.592233 13:0.407767 14:0.463592 15:0.463592 16:0.519417
716.0 5:1 10:0.67233 11:0.616505 12:0.582524 13:0.592233 14:0.407767 15:0.463592 16:0.463592
703.0 6:1 10:0.61165 11:0.67233 12:0.616505 13:0.582524 14:0.592233 15:0.407767 16:0.463592
625.0 10:0.580097 11:0.61165 12:0.67233 13:0.616505 14:0.582524 15:0.592233 16:0.407767
686.0 1:1 10:0.390777 11:0.580097 12:0.61165 13:0.67233 14:0.616505 15:0.582524 16:0.592233
717.0 2:1 10:0.538835 11:0.390777 12:0.580097 13:0.61165 14:0.67233 15:0.616505 16:0.582524
725.0 3:1 10:0.614078 11:0.538835 12:0.390777 13:0.580097 14:0.61165 15:0.67233 16:0.616505
725.0 4:1 10:0.633495 11:0.614078 12:0.538835 13:0.390777 14:0.580097 15:0.61165 16:0.67233
726.0 5:1 10:0.633495 11:0.633495 12:0.614078 13:0.538835 14:0.390777 15:0.580097 16:0.61165
715.0 6:1 10:0.635922 11:0.633495 12:0.633495 13:0.614078 14:0.538835 15:0.390777 16:0.580097
676.0 10:0.609223 11:0.635922 12:0.633495 13:0.633495 14:0.614078 15:0.538835 16:0.390777
782.0 1:1 10:0.514563 11:0.609223 12:0.635922 13:0.633495 14:0.633495 15:0.614078 16:0.538835
777.0 2:1 10:0.771845 11:0.514563 12:0.609223 13:0.635922 14:0.633495 15:0.633495 16:0.614078
777.0 3:1 10:0.759709 11:0.771845 12:0.514563 13:0.609223 14:0.635922 15:0.633495 16:0.633495
789.0 4:1 10:0.759709 11:0.759709 12:0.771845 13:0.514563 14:0.609223 15:0.635922 16:0.633495
784.0 5:1 10:0.788835 11:0.759709 12:0.759709 13:0.771845 14:0.514563 15:0.609223 16:0.635922
709.0 6:1 8:1.0 10:0.776699 11:0.788835 12:0.759709 13:0.759709 14:0.771845 15:0.514563 16:0.609223
688.0 10:0.59466 11:0.776699 12:0.788835 13:0.759709 14:0.759709 15:0.771845 16:0.514563
799.0 1:1 10:0.543689 11:0.59466 12:0.776699 13:0.788835 14:0.759709 15:0.759709 16:0.771845
778.0 2:1 10:0.813107 11:0.543689 12:0.59466 13:0.776699 14:0.788835 15:0.759709 16:0.759709
766.0 3:1 10:0.762136 11:0.813107 12:0.543689 13:0.59466 14:0.776699 15:0.788835 16:0.759709
799.0 4:1 10:0.73301 11:0.762136 12:0.813107 13:0.543689 14:0.59466 15:0.776699 16:0.788835
781.0 5:1 10:0.813107 11:0.73301 12:0.762136 13:0.813107 14:0.543689 15:0.59466 16:0.776699
719.0 6:1 10:0.769417 11:0.813107 12:0.73301 13:0.762136 14:0.813107 15:0.543689 16:0.59466
654.0 10:0.618932 11:0.769417 12:0.813107 13:0.73301 14:0.762136 15:0.813107 16:0.543689
735.0 1:1 10:0.461165 11:0.618932 12:0.769417 13:0.813107 14:0.73301 15:0.762136 16:0.813107
741.0 2:1 10:0.657767 11:0.461165 12:0.618932 13:0.769417 14:0.813107 15:0.73301 16:0.762136
739.0 3:1 10:0.67233 11:0.657767 12:0.461165 13:0.618932 14:0.769417 15:0.813107 16:0.73301
746.0 4:1 10:0.667476 11:0.67233 12:0.657767 13:0.461165 14:0.618932 15:0.769417 16:0.813107
747.0 5:1 10:0.684466 11:0.667476 12:0.67233 13:0.657767 14:0.461165 15:0.618932 16:0.769417
714.0 6:1 10:0.686893 11:0.684466 12:0.667476 13:0.67233 14:0.657767 15:0.461165 16:0.618932
679.0 10:0.606796 11:0.686893 12:0.684466 13:0.667476 14:0.67233 15:0.657767 16:0.461165
787.0 1:1 10:0.521845 11:0.606796 12:0.686893 13:0.684466 14:0.667476 15:0.67233 16:0.657767
800.0 2:1 10:0.783981 11:0.521845 12:0.606796 13:0.686893 14:0.684466 15:0.667476 16:0.67233
817.0 3:1 10:0.815534 11:0.783981 12:0.521845 13:0.606796 14:0.686893 15:0.684466 16:0.667476
797.0 4:1 10:0.856796 11:0.815534 12:0.783981 13:0.521845 14:0.606796 15:0.686893 16:0.684466
776.0 5:1 10:0.808252 11:0.856796 12:0.815534 13:0.783981 14:0.521845 15:0.606796 16:0.686893
748.0 6:1 10:0.757282 11:0.808252 12:0.856796 13:0.815534 14:0.783981 15:0.521845 16:0.606796
702.0 10:0.68932 11:0.757282 12:0.808252 13:0.856796 14:0.815534 15:0.783981 16:0.521845
817.0 1:1 10:0.57767 11:0.68932 12:0.757282 13:0.808252 14:0.856796 15:0.815534 16:0.783981
876.0 2:1 10:0.856796 11:0.57767 12:0.68932 13:0.757282 14:0.808252 15:0.856796 16:0.815534
812.0 3:1 10:1.0 11:0.856796 12:0.57767 13:0.68932 14:0.757282 15:0.808252 16:0.856796
784.0 4:1 10:0.84466 11:1.0 12:0.856796 13:0.57767 14:0.68932 15:0.757282 16:0.808252
778.0 5:1 10:0.776699 11:0.84466 12:1.0 13:0.856796 14:0.57767 15:0.68932 16:0.757282
775.0 6:1 10:0.762136 11:0.776699 12:0.84466 13:1.0 14:0.856796 15:0.57767 16:0.68932
693.0 10:0.754854 11:0.762136 12:0.776699 13:0.84466 14:1.0 15:0.856796 16:0.57767
768.0 1:1 10:0.555825 11:0.754854 12:0.762136 13:0.776699 14:0.84466 15:1.0 16:0.856796
770.0 2:1 10:0.737864 11:0.555825 12:0.754854 13:0.762136 14:0.776699 15:0.84466 16:1.0
771.0 3:1 10:0.742718 11:0.737864 12:0.555825 13:0.754854 14:0.762136 15:0.776699 16:0.84466
782.0 4:1 10:0.745146 11:0.742718 12:0.737864 13:0.555825 14:0.754854 15:0.762136 16:0.776699
776.0 5:1 10:0.771845 11:0.745146 12:0.742718 13:0.737864 14:0.555825 15:0.754854 16:0.762136
730.0 6:1 10:0.757282 11:0.771845 12:0.745146 13:0.742718 14:0.737864 15:0.555825 16:0.754854
713.0 10:0.645631 11:0.757282 12:0.771845 13:0.745146 14:0.742718 15:0.737864 16:0.555825
818.0 1:1 10:0.604369 11:0.645631 12:0.757282 13:0.771845 14:0.745146 15:0.742718 16:0.737864
831.0 2:1 10:0.859223 11:0.604369 12:0.645631 13:0.757282 14:0.771845 15:0.745146 16:0.742718
830.0 3:1 10:0.890777 11:0.859223 12:0.604369 13:0.645631 14:0.757282 15:0.771845 16:0.745146
820.0 4:1 10:0.88835 11:0.890777 12:0.859223 13:0.604369 14:0.645631 15:0.757282 16:0.771845
790.0 5:1 10:0.864078 11:0.88835 12:0.890777 13:0.859223 14:0.604369 15:0.645631 16:0.757282
761.0 6:1 10:0.791262 11:0.864078 12:0.88835 13:0.890777 14:0.859223 15:0.604369 16:0.645631
711.0 10:0.720874 11:0.791262 12:0.864078 13:0.88835 14:0.890777 15:0.859223 16:0.604369
825.0 1:1 10:0.599515 11:0.720874 12:0.791262 13:0.864078 14:0.88835 15:0.890777 16:0.859223
836.0 2:1 10:0.876214 11:0.599515 12:0.720874 13:0.791262 14:0.864078 15:0.88835 16:0.890777
819.0 3:1 10:0.902913 11:0.876214 12:0.599515 13:0.720874 14:0.791262 15:0.864078 16:0.88835
816.0 4:1 10:0.86165 11:0.902913 12:0.876214 13:0.599515 14:0.720874 15:0.791262 16:0.864078
851.0 5:1 10:0.854369 11:0.86165 12:0.902913 13:0.876214 14:0.599515 15:0.720874 16:0.791262
768.0 6:1 10:0.93932 11:0.854369 12:0.86165 13:0.902913 14:0.876214 15:0.599515 16:0.720874
732.0 10:0.737864 11:0.93932 12:0.854369 13:0.86165 14:0.902913 15:0.876214 16:0.599515
791.0 1:1 10:0.650485 11:0.737864 12:0.93932 13:0.854369 14:0.86165 15:0.902913 16:0.876214
757.0 2:1 10:0.793689 11:0.650485 12:0.737864 13:0.93932 14:0.854369 15:0.86165 16:0.902913
702.0 3:1 8:1.0 10:0.711165 11:0.793689 12:0.650485 13:0.737864 14:0.93932 15:0.854369 16:0.86165
642.0 4:1 8:1.0 10:0.57767 11:0.711165 12:0.793689 13:0.650485 14:0.737864 15:0.93932 16:0.854369
612.0 5:1 8:1.0 10:0.432039 11:0.57767 12:0.711165 13:0.793689 14:0.650485 15:0.737864 16:0.93932
646.0 6:1 10:0.359223 11:0.432039 12:0.57767 13:0.711165 14:0.793689 15:0.650485 16:0.737864
661.0 10:0.441748 11:0.359223 12:0.432039 13:0.57767 14:0.711165 15:0.793689 16:0.650485
745.0 1:1 10:0.478155 11:0.441748 12:0.359223 13:0.432039 14:0.57767 15:0.711165 16:0.793689
738.0 2:1 10:0.682039 11:0.478155 12:0.441748 13:0.359223 14:0.432039 15:0.57767 16:0.711165
726.0 3:1 10:0.665049 11:0.682039 12:0.478155 13:0.441748 14:0.359223 15:0.432039 16:0.57767
764.0 4:1 10:0.745146 11:0.599515 12:0.631068 13:0.519417 14:0.616505 15:0.626214 16:0.665049
766.0 5:1 10:0.728155 11:0.745146 12:0.599515 13:0.631068 14:0.519417 15:0.616505 16:0.626214
731.0 6:1 10:0.73301 11:0.728155 12:0.745146 13:0.599515 14:0.631068 15:0.519417 16:0.616505
702.0 10:0.648058 11:0.73301 12:0.728155 13:0.745146 14:0.599515 15:0.631068 16:0.519417
762.0 1:1 10:0.57767 11:0.648058 12:0.73301 13:0.728155 14:0.745146 15:0.599515 16:0.631068
775.0 2:1 10:0.723301 11:0.57767 12:0.648058 13:0.73301 14:0.728155 15:0.745146 16:0.599515
773.0 3:1 10:0.754854 11:0.723301 12:0.57767 13:0.648058 14:0.73301 15:0.728155 16:0.745146
771.0 4:1 10:0.75 11:0.754854 12:0.723301 13:0.57767 14:0.648058 15:0.73301 16:0.728155
777.0 5:1 10:0.745146 11:0.75 12:0.754854 13:0.723301 14:0.57767 15:0.648058 16:0.73301
730.0 6:1 10:0.759709 11:0.745146 12:0.75 13:0.754854 14:0.723301 15:0.57767 16:0.648058
682.0 10:0.645631 11:0.759709 12:0.745146 13:0.75 14:0.754854 15:0.723301 16:0.57767
775.0 1:1 10:0.529126 11:0.645631 12:0.759709 13:0.745146 14:0.75 15:0.754854 16:0.723301
780.0 2:1 10:0.754854 11:0.529126 12:0.645631 13:0.759709 14:0.745146 15:0.75 16:0.754854
794.0 3:1 10:0.76699 11:0.754854 12:0.529126 13:0.645631 14:0.759709 15:0.745146 16:0.75
794.0 4:1 10:0.800971 11:0.76699 12:0.754854 13:0.529126 14:0.645631 15:0.759709 16:0.745146
776.0 5:1 10:0.800971 11:0.800971 12:0.76699 13:0.754854 14:0.529126 15:0.645631 16:0.759709
750.0 6:1 10:0.757282 11:0.800971 12:0.800971 13:0.76699 14:0.754854 15:0.529126 16:0.645631
730.0 10:0.694175 11:0.757282 12:0.800971 13:0.800971 14:0.76699 15:0.754854 16:0.529126
803.0 1:1 10:0.645631 11:0.694175 12:0.757282 13:0.800971 14:0.800971 15:0.76699 16:0.754854
806.0 2:1 10:0.822816 11:0.645631 12:0.694175 13:0.757282 14:0.800971 15:0.800971 16:0.76699
831.0 3:1 10:0.830097 11:0.822816 12:0.645631 13:0.694175 14:0.757282 15:0.800971 16:0.800971
816.0 4:1 10:0.890777 11:0.830097 12:0.822816 13:0.645631 14:0.694175 15:0.757282 16:0.800971
809.0 5:1 10:0.854369 11:0.890777 12:0.830097 13:0.822816 14:0.645631 15:0.694175 16:0.757282
769.0 6:1 10:0.837379 11:0.854369 12:0.890777 13:0.830097 14:0.822816 15:0.645631 16:0.694175
731.0 10:0.740291 11:0.837379 12:0.854369 13:0.890777 14:0.830097 15:0.822816 16:0.645631
823.0 1:1 10:0.648058 11:0.740291 12:0.837379 13:0.854369 14:0.890777 15:0.830097 16:0.822816
827.0 2:1 10:0.871359 11:0.648058 12:0.740291 13:0.837379 14:0.854369 15:0.890777 16:0.830097
822.0 3:1 10:0.881068 11:0.871359 12:0.648058 13:0.740291 14:0.837379 15:0.854369 16:0.890777
810.0 4:1 10:0.868932 11:0.881068 12:0.871359 13:0.648058 14:0.740291 15:0.837379 16:0.854369
802.0 5:1 10:0.839806 11:0.868932 12:0.881068 13:0.871359 14:0.648058 15:0.740291 16:0.837379
756.0 6:1 10:0.820388 11:0.839806 12:0.868932 13:0.881068 14:0.871359 15:0.648058 16:0.740291
729.0 10:0.708738 11:0.820388 12:0.839806 13:0.868932 14:0.881068 15:0.871359 16:0.648058
800.0 1:1 10:0.643204 11:0.708738 12:0.820388 13:0.839806 14:0.868932 15:0.881068 16:0.871359
797.0 2:1 10:0.815534 11:0.643204 12:0.708738 13:0.820388 14:0.839806 15:0.868932 16:0.881068
783.0 3:1 10:0.808252 11:0.815534 12:0.643204 13:0.708738 14:0.820388 15:0.839806 16:0.868932
768.0 4:1 10:0.774272 11:0.808252 12:0.815534 13:0.643204 14:0.708738 15:0.820388 16:0.839806
782.0 5:1 10:0.737864 11:0.774272 12:0.808252 13:0.815534 14:0.643204 15:0.708738 16:0.820388
723.0 6:1 10:0.771845 11:0.737864 12:0.774272 13:0.808252 14:0.815534 15:0.643204 16:0.708738
687.0 10:0.628641 11:0.771845 12:0.737864 13:0.774272 14:0.808252 15:0.815534 16:0.643204
747.0 1:1 10:0.541262 11:0.628641 12:0.771845 13:0.737864 14:0.774272 15:0.808252 16:0.815534
770.0 2:1 10:0.686893 11:0.541262 12:0.628641 13:0.771845 14:0.737864 15:0.774272 16:0.808252
782.0 3:1 10:0.742718 11:0.686893 12:0.541262 13:0.628641 14:0.771845 15:0.737864 16:0.774272
791.0 4:1 10:0.771845 11:0.742718 12:0.686893 13:0.541262 14:0.628641 15:0.771845 16:0.737864
763.0 5:1 10:0.793689 11:0.771845 12:0.742718 13:0.686893 14:0.541262 15:0.628641 16:0.771845
746.0 6:1 10:0.725728 11:0.793689 12:0.771845 13:0.742718 14:0.686893 15:0.541262 16:0.628641
688.0 10:0.684466 11:0.725728 12:0.793689 13:0.771845 14:0.742718 15:0.686893 16:0.541262
760.0 1:1 10:0.543689 11:0.684466 12:0.725728 13:0.793689 14:0.771845 15:0.742718 16:0.686893
752.0 2:1 10:0.718447 11:0.543689 12:0.684466 13:0.725728 14:0.793689 15:0.771845 16:0.742718
755.0 3:1 10:0.699029 11:0.718447 12:0.543689 13:0.684466 14:0.725728 15:0.793689 16:0.771845
758.0 4:1 10:0.706311 11:0.699029 12:0.718447 13:0.543689 14:0.684466 15:0.725728 16:0.793689
749.0 5:1 10:0.713592 11:0.706311 12:0.699029 13:0.718447 14:0.543689 15:0.684466 16:0.725728
728.0 6:1 10:0.691748 11:0.713592 12:0.706311 13:0.699029 14:0.718447 15:0.543689 16:0.684466
668.0 10:0.640777 11:0.691748 12:0.713592 13:0.706311 14:0.699029 15:0.718447 16:0.543689
764.0 1:1 10:0.495146 11:0.640777 12:0.691748 13:0.713592 14:0.706311 15:0.699029 16:0.718447
721.0 2:1 10:0.728155 11:0.495146 12:0.640777 13:0.691748 14:0.713592 15:0.706311 16:0.699029
730.0 3:1 10:0.623786 11:0.728155 12:0.495146 13:0.640777 14:0.691748 15:0.713592 16:0.706311
765.0 4:1 10:0.645631 11:0.623786 12:0.728155 13:0.495146 14:0.640777 15:0.691748 16:0.713592
731.0 5:1 10:0.730583 11:0.645631 12:0.623786 13:0.728155 14:0.495146 15:0.640777 16:0.691748
716.0 6:1 10:0.648058 11:0.730583 12:0.645631 13:0.623786 14:0.728155 15:0.495146 16:0.640777
656.0 10:0.61165 11:0.648058 12:0.730583 13:0.645631 14:0.623786 15:0.728155 16:0.495146
775.0 1:1 10:0.466019 11:0.61165 12:0.648058 13:0.730583 14:0.645631 15:0.623786 16:0.728155
759.0 2:1 10:0.754854 11:0.466019 12:0.61165 13:0.648058 14:0.730583 15:0.645631 16:0.623786
784.0 3:1 10:0.716019 11:0.754854 12:0.466019 13:0.61165 14:0.648058 15:0.730583 16:0.645631
758.0 4:1 10:0.776699 11:0.716019 12:0.754854 13:0.466019 14:0.61165 15:0.648058 16:0.730583
762.0 5:1 10:0.713592 11:0.776699 12:0.716019 13:0.754854 14:0.466019 15:0.61165 16:0.648058
753.0 6:1 10:0.723301 11:0.713592 12:0.776699 13:0.716019 14:0.754854 15:0.466019 16:0.61165
692.0 10:0.701456 11:0.723301 12:0.713592 13:0.776699 14:0.716019 15:0.754854 16:0.466019
785.0 1:1 10:0.553398 11:0.701456 12:0.723301 13:0.713592 14:0.776699 15:0.716019 16:0.754854
774.0 2:1 10:0.779126 11:0.553398 12:0.701456 13:0.723301 14:0.713592 15:0.776699 16:0.716019
756.0 3:1 10:0.752427 11:0.779126 12:0.553398 13:0.701456 14:0.723301 15:0.713592 16:0.776699
762.0 4:1 10:0.708738 11:0.752427 12:0.779126 13:0.553398 14:0.701456 15:0.723301 16:0.713592
762.0 5:1 10:0.723301 11:0.708738 12:0.752427 13:0.779126 14:0.553398 15:0.701456 16:0.723301
737.0 6:1 10:0.723301 11:0.723301 12:0.708738 13:0.752427 14:0.779126 15:0.553398 16:0.701456
707.0 10:0.662621 11:0.723301 12:0.723301 13:0.708738 14:0.752427 15:0.779126 16:0.553398
758.0 1:1 10:0.589806 11:0.662621 12:0.723301 13:0.723301 14:0.708738 15:0.752427 16:0.779126
772.0 2:1 10:0.713592 11:0.589806 12:0.662621 13:0.723301 14:0.723301 15:0.708738 16:0.752427
767.0 3:1 10:0.747573 11:0.713592 12:0.589806 13:0.662621 14:0.723301 15:0.723301 16:0.708738
767.0 4:1 10:0.735437 11:0.747573 12:0.713592 13:0.589806 14:0.662621 15:0.723301 16:0.723301
740.0 5:1 10:0.735437 11:0.735437 12:0.747573 13:0.713592 14:0.589806 15:0.662621 16:0.723301
737.0 6:1 10:0.669903 11:0.735437 12:0.735437 13:0.747573 14:0.713592 15:0.589806 16:0.662621
676.0 10:0.662621 11:0.669903 12:0.735437 13:0.735437 14:0.747573 15:0.713592 16:0.589806
735.0 1:1 10:0.514563 11:0.662621 12:0.669903 13:0.735437 14:0.735437 15:0.747573 16:0.713592
721.0 2:1 10:0.657767 11:0.514563 12:0.662621 13:0.669903 14:0.735437 15:0.735437 16:0.747573
672.0 4:1 10:0.51699 11:0.616505 12:0.575243 13:0.407767 14:0.490291 15:0.597087 16:0.48301
686.0 5:1 10:0.504854 11:0.51699 12:0.616505 13:0.575243 14:0.407767 15:0.490291 16:0.597087
653.0 6:1 10:0.538835 11:0.504854 12:0.51699 13:0.616505 14:0.575243 15:0.407767 16:0.490291
619.0 10:0.458738 11:0.538835 12:0.504854 13:0.51699 14:0.616505 15:0.575243 16:0.407767
703.0 1:1 10:0.376214 11:0.458738 12:0.538835 13:0.504854 14:0.51699 15:0.616505 16:0.575243
701.0 2:1 10:0.580097 11:0.376214 12:0.458738 13:0.538835 14:0.504854 15:0.51699 16:0.616505
707.0 3:1 10:0.575243 11:0.580097 12:0.376214 13:0.458738 14:0.538835 15:0.504854 16:0.51699
711.0 4:1 10:0.589806 11:0.575243 12:0.580097 13:0.376214 14:0.458738 15:0.538835 16:0.504854
694.0 5:1 10:0.599515 11:0.589806 12:0.575243 13:0.580097 14:0.376214 15:0.458738 16:0.538835
677.0 6:1 10:0.558252 11:0.599515 12:0.589806 13:0.575243 14:0.580097 15:0.376214 16:0.458738
617.0 10:0.51699 11:0.558252 12:0.599515 13:0.589806 14:0.575243 15:0.580097 16:0.376214
736.0 1:1 10:0.371359 11:0.51699 12:0.558252 13:0.599515 14:0.589806 15:0.575243 16:0.580097
721.0 2:1 10:0.660194 11:0.371359 12:0.51699 13:0.558252 14:0.599515 15:0.589806 16:0.575243
724.0 3:1 10:0.623786 11:0.660194 12:0.371359 13:0.51699 14:0.558252 15:0.599515 16:0.589806
712.0 4:1 10:0.631068 11:0.623786 12:0.660194 13:0.371359 14:0.51699 15:0.558252 16:0.599515
739.0 5:1 10:0.601942 11:0.631068 12:0.623786 13:0.660194 14:0.371359 15:0.51699 16:0.558252
708.0 6:1 10:0.667476 11:0.601942 12:0.631068 13:0.623786 14:0.660194 15:0.371359 16:0.51699
686.0 10:0.592233 11:0.667476 12:0.601942 13:0.631068 14:0.623786 15:0.660194 16:0.371359
773.0 1:1 10:0.538835 11:0.592233 12:0.667476 13:0.601942 14:0.631068 15:0.623786 16:0.660194
787.0 2:1 10:0.75 11:0.538835 12:0.592233 13:0.667476 14:0.601942 15:0.631068 16:0.623786
792.0 3:1 10:0.783981 11:0.75 12:0.538835 13:0.592233 14:0.667476 15:0.601942 16:0.631068
749.0 4:1 10:0.796117 11:0.783981 12:0.75 13:0.538835 14:0.592233 15:0.667476 16:0.601942
758.0 5:1 10:0.691748 11:0.796117 12:0.783981 13:0.75 14:0.538835 15:0.592233 16:0.667476
729.0 6:1 10:0.713592 11:0.691748 12:0.796117 13:0.783981 14:0.75 15:0.538835 16:0.592233
644.0 8:1.0 10:0.643204 11:0.713592 12:0.691748 13:0.796117 14:0.783981 15:0.75 16:0.538835
734.0 1:1 10:0.436893 11:0.643204 12:0.713592 13:0.691748 14:0.796117 15:0.783981 16:0.75
782.0 2:1 10:0.65534 11:0.436893 12:0.643204 13:0.713592 14:0.691748 15:0.796117 16:0.783981
763.0 3:1 10:0.771845 11:0.65534 12:0.436893 13:0.643204 14:0.713592 15:0.691748 16:0.796117
778.0 4:1 10:0.725728 11:0.771845 12:0.65534 13:0.436893 14:0.643204 15:0.713592 16:0.691748
751.0 5:1 10:0.762136 11:0.725728 12:0.771845 13:0.65534 14:0.436893 15:0.643204 16:0.713592
727.0 6:1 10:0.696602 11:0.762136 12:0.725728 13:0.771845 14:0.65534 15:0.436893 16:0.643204
664.0 10:0.63835 11:0.696602 12:0.762136 13:0.725728 14:0.771845 15:0.65534 16:0.436893
791.0 1:1 10:0.485437 11:0.63835 12:0.696602 13:0.762136 14:0.725728 15:0.771845 16:0.65534
772.0 2:1 10:0.793689 11:0.485437 12:0.63835 13:0.696602 14:0.762136 15:0.725728 16:0.771845
769.0 3:1 10:0.747573 11:0.793689 12:0.485437 13:0.63835 14:0.696602 15:0.762136 16:0.725728
753.0 4:1 10:0.740291 11:0.747573 12:0.793689 13:0.485437 14:0.63835 15:0.696602 16:0.762136
787.0 5:1 10:0.701456 11:0.740291 12:0.747573 13:0.793689 14:0.485437 15:0.63835 16:0.696602
746.0 6:1 10:0.783981 11:0.701456 12:0.740291 13:0.747573 14:0.793689 15:0.485437 16:0.63835
681.0 10:0.684466 11:0.783981 12:0.701456 13:0.740291 14:0.747573 15:0.793689 16:0.485437
772.0 1:1 10:0.526699 11:0.684466 12:0.783981 13:0.701456 14:0.740291 15:0.747573 16:0.793689
786.0 2:1 10:0.747573 11:0.526699 12:0.684466 13:0.783981 14:0.701456 15:0.740291 16:0.747573
801.0 3:1 10:0.781553 11:0.747573 12:0.526699 13:0.684466 14:0.783981 15:0.701456 16:0.740291
776.0 4:1 10:0.817961 11:0.781553 12:0.747573 13:0.526699 14:0.684466 15:0.783981 16:0.701456
776.0 5:1 10:0.757282 11:0.817961 12:0.781553 13:0.747573 14:0.526699 15:0.684466 16:0.783981
765.0 6:1 10:0.757282 11:0.757282 12:0.817961 13:0.781553 14:0.747573 15:0.526699 16:0.684466
726.0 10:0.730583 11:0.757282 12:0.757282 13:0.817961 14:0.781553 15:0.747573 16:0.526699
794.0 1:1 10:0.635922 11:0.730583 12:0.757282 13:0.757282 14:0.817961 15:0.781553 16:0.747573
775.0 2:1 10:0.800971 11:0.635922 12:0.730583 13:0.757282 14:0.757282 15:0.817961 16:0.781553
786.0 3:1 10:0.754854 11:0.800971 12:0.635922 13:0.730583 14:0.757282 15:0.757282 16:0.817961
796.0 4:1 10:0.781553 11:0.754854 12:0.800971 13:0.635922 14:0.730583 15:0.757282 16:0.757282
800.0 5:1 10:0.805825 11:0.781553 12:0.754854 13:0.800971 14:0.635922 15:0.730583 16:0.757282
766.0 6:1 10:0.815534 11:0.805825 12:0.781553 13:0.754854 14:0.800971 15:0.635922 16:0.730583
711.0 10:0.73301 11:0.815534 12:0.805825 13:0.781553 14:0.754854 15:0.800971 16:0.635922
799.0 1:1 10:0.599515 11:0.73301 12:0.815534 13:0.805825 14:0.781553 15:0.754854 16:0.800971
829.0 2:1 10:0.813107 11:0.599515 12:0.73301 13:0.815534 14:0.805825 15:0.781553 16:0.754854
830.0 3:1 10:0.885922 11:0.813107 12:0.599515 13:0.73301 14:0.815534 15:0.805825 16:0.781553
825.0 4:1 10:0.88835 11:0.885922 12:0.813107 13:0.599515 14:0.73301 15:0.815534 16:0.805825
832.0 5:1 10:0.876214 11:0.88835 12:0.885922 13:0.813107 14:0.599515 15:0.73301 16:0.815534
776.0 6:1 10:0.893204 11:0.876214 12:0.88835 13:0.885922 14:0.813107 15:0.599515 16:0.73301
752.0 10:0.757282 11:0.893204 12:0.876214 13:0.88835 14:0.885922 15:0.813107 16:0.599515
824.0 1:1 10:0.699029 11:0.757282 12:0.893204 13:0.876214 14:0.88835 15:0.885922 16:0.813107
820.0 2:1 10:0.873786 11:0.699029 12:0.757282 13:0.893204 14:0.876214 15:0.88835 16:0.885922
839.0 3:1 10:0.864078 11:0.873786 12:0.699029 13:0.757282 14:0.893204 15:0.876214 16:0.88835
813.0 4:1 10:0.910194 11:0.864078 12:0.873786 13:0.699029 14:0.757282 15:0.893204 16:0.876214
823.0 5:1 10:0.847087 11:0.910194 12:0.864078 13:0.873786 14:0.699029 15:0.757282 16:0.893204
805.0 6:1 10:0.871359 11:0.847087 12:0.910194 13:0.864078 14:0.873786 15:0.699029 16:0.757282
758.0 10:0.82767 11:0.871359 12:0.847087 13:0.910194 14:0.864078 15:0.873786 16:0.699029
798.0 1:1 10:0.713592 11:0.82767 12:0.871359 13:0.847087 14:0.910194 15:0.864078 16:0.873786
800.0 2:1 10:0.81068 11:0.713592 12:0.82767 13:0.871359 14:0.847087 15:0.910194 16:0.864078
816.0 3:1 10:0.815534 11:0.81068 12:0.713592 13:0.82767 14:0.871359 15:0.847087 16:0.910194
799.0 4:1 10:0.854369 11:0.815534 12:0.81068 13:0.713592 14:0.82767 15:0.871359 16:0.847087
780.0 5:1 10:0.813107 11:0.854369 12:0.815534 13:0.81068 14:0.713592 15:0.82767 16:0.871359
782.0 6:1 10:0.76699 11:0.813107 12:0.854369 13:0.815534 14:0.81068 15:0.713592 16:0.82767
726.0 10:0.771845 11:0.76699 12:0.813107 13:0.854369 14:0.815534 15:0.81068 16:0.713592
789.0 1:1 10:0.635922 11:0.771845 12:0.76699 13:0.813107 14:0.854369 15:0.815534 16:0.81068
786.0 2:1 10:0.788835 11:0.635922 12:0.771845 13:0.76699 14:0.813107 15:0.854369 16:0.815534
801.0 3:1 10:0.781553 11:0.788835 12:0.635922 13:0.771845 14:0.76699 15:0.813107 16:0.854369
770.0 4:1 8:1.0 10:0.817961 11:0.781553 12:0.788835 13:0.635922 14:0.771845 15:0.76699 16:0.813107
724.0 5:1 8:1.0 10:0.742718 11:0.817961 12:0.781553 13:0.788835 14:0.635922 15:0.771845 16:0.76699
707.0 6:1 8:1.0 10:0.631068 11:0.742718 12:0.817961 13:0.781553 14:0.788835 15:0.635922 16:0.771845
711.0 10:0.589806 11:0.631068 12:0.742718 13:0.817961 14:0.781553 15:0.788835 16:0.635922
743.0 1:1 10:0.599515 11:0.589806 12:0.631068 13:0.742718 14:0.817961 15:0.781553 16:0.788835
745.0 2:1 10:0.677184 11:0.599515 12:0.589806 13:0.631068 14:0.742718 15:0.817961 16:0.781553
753.0 3:1 10:0.682039 11:0.677184 12:0.599515 13:0.589806 14:0.631068 15:0.742718 16:0.817961
733.0 4:1 10:0.701456 11:0.682039 12:0.677184 13:0.599515 14:0.589806 15:0.631068 16:0.742718